0 0.232917 0.915556 0.130833 0.168889
0 0.425417 0.883704 0.134167 0.188148
1 0.592083 0.931852 0.097500 0.136296
1 0.604583 0.852593 0.075833 0.131852
2 0.759167 0.840741 0.163333 0.303704
0 0.318333 0.749630 0.093333 0.154074
0 0.198750 0.771852 0.114167 0.165926
0 0.127083 0.709630 0.094167 0.145185
0 0.228333 0.671852 0.071667 0.161481
0 0.167917 0.617778 0.070833 0.106667
3 0.332500 0.620000 0.075000 0.149630
0 0.442083 0.691111 0.077500 0.120000
0 0.416250 0.766667 0.092500 0.090370
0 0.537917 0.791852 0.090833 0.202963
0 0.615833 0.742222 0.080000 0.133333
0 0.404583 0.638519 0.069167 0.118519
3 0.284583 0.518519 0.105833 0.260741
3 0.439583 0.474815 0.080833 0.164444
1 0.444583 0.572593 0.049167 0.084444
1 0.499167 0.616296 0.061667 0.088889
1 0.557083 0.571111 0.045833 0.081481
1 0.517500 0.536296 0.041667 0.074074
0 0.154167 0.528889 0.076667 0.088889
0 0.175833 0.460000 0.048333 0.060741
0 0.541667 0.480741 0.043333 0.057778
0 0.764583 0.626667 0.157500 0.219259
3 0.369583 0.243704 0.049167 0.102222
3 0.418750 0.243704 0.049167 0.102222
3 0.407500 0.333333 0.051667 0.091852
3 0.495833 0.212593 0.060000 0.072593
0 0.589583 0.548148 0.067500 0.088889
4 0.658750 0.583704 0.024167 0.050370
4 0.612083 0.585926 0.020833 0.048889
4 0.543333 0.414074 0.013333 0.051852
0 0.190833 0.359259 0.055000 0.090370
3 0.212500 0.264444 0.071667 0.114074
0 0.506250 0.424444 0.044167 0.054815
3 0.329167 0.440000 0.095000 0.192593
0 0.320833 0.308889 0.031667 0.063704
1 0.482500 0.381481 0.043333 0.040000
4 0.447917 0.325185 0.014167 0.042963
4 0.487083 0.303704 0.015833 0.059259
4 0.637917 0.536296 0.017500 0.085926
4 0.655000 0.534074 0.018333 0.057778
0 0.872500 0.694074 0.055000 0.149630
4 0.661667 0.662222 0.028333 0.088889
4 0.488333 0.528148 0.020000 0.069630
3 0.275000 0.300741 0.061667 0.056296
5 0.561250 0.386667 0.015833 0.074074
5 0.633750 0.453333 0.019167 0.074074
5 0.601250 0.488889 0.015833 0.041481
