0 0.751563 0.863423 0.081250 0.104338
4 0.801562 0.688746 0.025000 0.066823
1 0.753516 0.643025 0.044531 0.073857
0 0.637109 0.634818 0.052344 0.083236
0 0.563672 0.545135 0.035156 0.046893
4 0.646875 0.531067 0.017188 0.037515
4 0.588672 0.508792 0.014844 0.039859
0 0.513281 0.502931 0.028125 0.051583
3 0.463672 0.439039 0.033594 0.066823
3 0.494531 0.439625 0.023438 0.046893
0 0.429297 0.415006 0.011719 0.018757
4 0.272266 0.537515 0.019531 0.050410
1 0.606250 0.440211 0.014063 0.026964
1 0.644531 0.453107 0.020313 0.029308
0 0.172266 0.383939 0.013281 0.019930
5 0.058203 0.606096 0.021094 0.056272
4 0.158594 0.396835 0.007812 0.022274
