4 0.667164 0.881432 0.077612 0.201342
4 0.542537 0.814318 0.049254 0.089485
4 0.264925 0.742729 0.055224 0.102908
4 0.334328 0.723714 0.047761 0.145414
4 0.755970 0.378076 0.025373 0.071588
4 0.757463 0.316555 0.019403 0.042506
2 0.103731 0.765101 0.204478 0.263982
0 0.201493 0.879195 0.220896 0.228188
3 0.323134 0.532438 0.174627 0.277405
0 0.644776 0.664430 0.125373 0.237136
6 0.432090 0.721477 0.195522 0.346756
0 0.199254 0.535794 0.123881 0.154362
3 0.077612 0.605145 0.152239 0.275168
1 0.164925 0.448546 0.105970 0.087248
0 0.250746 0.398210 0.098507 0.085011
0 0.282836 0.434004 0.079104 0.076063
0 0.308209 0.347875 0.061194 0.064877
0 0.361194 0.348993 0.086567 0.085011
3 0.352239 0.275168 0.083582 0.085011
0 0.201493 0.229306 0.068657 0.069351
0 0.266418 0.276286 0.067164 0.051454
0 0.362687 0.185682 0.050746 0.062640
0 0.419403 0.196868 0.041791 0.035794
7 0.479104 0.246085 0.110448 0.138702
7 0.585075 0.368009 0.143284 0.199105
7 0.682090 0.431767 0.116418 0.263982
1 0.491045 0.473154 0.059701 0.055928
1 0.555970 0.496644 0.052239 0.076063
1 0.500746 0.512304 0.067164 0.053691
0 0.597015 0.555928 0.068657 0.109620
3 0.464925 0.385906 0.082090 0.118568
7 0.674627 0.234899 0.077612 0.125280
7 0.744776 0.208054 0.059701 0.107383
0 0.730597 0.279642 0.055224 0.062640
1 0.450000 0.159955 0.022388 0.038031
3 0.964179 0.671141 0.071642 0.214765
0 0.923881 0.567114 0.080597 0.100671
3 0.904478 0.491051 0.065672 0.091723
5 0.800000 0.523490 0.029851 0.111857
5 0.922388 0.414989 0.023881 0.064877
3 0.882090 0.381432 0.059701 0.140940
1 0.564179 0.927293 0.098507 0.145414
0 0.577612 0.248322 0.041791 0.044743
0 0.564179 0.210291 0.029851 0.040268
0 0.616418 0.193512 0.038806 0.042506
0 0.844030 0.319911 0.019403 0.044743
0 0.847015 0.277405 0.028358 0.035794
0 0.865672 0.240492 0.026866 0.033557
7 0.755970 0.137584 0.040299 0.046980
7 0.656716 0.146532 0.047761 0.069351
1 0.531343 0.118568 0.020896 0.035794
