6 0.543750 0.493889 0.424167 0.563333
4 0.563333 0.686111 0.121667 0.192222
4 0.172083 0.875000 0.107500 0.238889
4 0.098333 0.922222 0.135000 0.155556
1 0.254167 0.811111 0.275000 0.377778
3 0.774167 0.370000 0.316667 0.404444
0 0.107083 0.685000 0.212500 0.356667
4 0.050833 0.281111 0.100000 0.308889
4 0.092500 0.215000 0.071667 0.267778
4 0.142917 0.127222 0.084167 0.214444
4 0.290417 0.361111 0.082500 0.166667
4 0.203750 0.433889 0.092500 0.203333
4 0.150000 0.334444 0.093333 0.200000
4 0.238750 0.263889 0.069167 0.134444
0 0.317500 0.196667 0.251667 0.208889
0 0.362917 0.076111 0.225833 0.141111
7 0.737083 0.096667 0.512500 0.191111
5 0.946250 0.495000 0.104167 0.125556
0 0.619583 0.883889 0.370833 0.232222
