0 0.268750 0.653472 0.054688 0.081944
0 0.295312 0.578472 0.054688 0.070833
0 0.297656 0.457639 0.050000 0.056944
0 0.414453 0.915278 0.091406 0.086111
7 0.400391 0.581944 0.075781 0.172222
3 0.378516 0.423611 0.077344 0.130556
3 0.430859 0.467361 0.075781 0.118056
3 0.510938 0.413889 0.070312 0.127778
3 0.574219 0.329167 0.062500 0.113889
0 0.649609 0.302083 0.030469 0.048611
0 0.631250 0.192361 0.025000 0.048611
0 0.687109 0.145139 0.035156 0.045833
3 0.551953 0.095139 0.080469 0.093056
0 0.665234 0.054167 0.027344 0.047222
0 0.441406 0.399306 0.032813 0.034722
0 0.607812 0.294444 0.029687 0.061111
0 0.695703 0.233333 0.028906 0.036111
0 0.551562 0.384028 0.028125 0.059722
