1 0.210950 0.524155 0.151369 0.260870
0 0.128019 0.800725 0.223833 0.379227
0 0.430757 0.786232 0.198068 0.321256
0 0.392110 0.433575 0.149758 0.243961
0 0.701288 0.828502 0.223833 0.299517
0 0.932367 0.826087 0.135266 0.280193
0 0.603060 0.643720 0.198068 0.268116
0 0.669082 0.370773 0.172303 0.214976
0 0.363929 0.237923 0.119163 0.152174
0 0.173108 0.274155 0.133655 0.181159
0 0.138486 0.120773 0.109501 0.154589
0 0.085346 0.050725 0.103060 0.096618
0 0.542673 0.147343 0.099839 0.140097
0 0.505636 0.256039 0.144928 0.202899
0 0.341385 0.129227 0.106280 0.147343
0 0.473430 0.080918 0.106280 0.128019
0 0.412238 0.060386 0.099839 0.115942
0 0.278583 0.055556 0.080515 0.101449
0 0.358293 0.032609 0.069243 0.060386
5 0.785829 0.073671 0.035427 0.137681
5 0.817230 0.066425 0.030596 0.128019
