3 0.453333 0.871852 0.153333 0.256296
3 0.762917 0.729630 0.142500 0.502222
3 0.899167 0.661481 0.085000 0.351111
0 0.590417 0.537778 0.065833 0.145185
3 0.701250 0.411852 0.075833 0.228148
3 0.787917 0.286667 0.072500 0.211852
0 0.617917 0.297037 0.034167 0.066667
0 0.590417 0.245185 0.035833 0.066667
0 0.528333 0.158519 0.038333 0.071111
0 0.287500 0.357037 0.048333 0.071111
0 0.324167 0.197037 0.038333 0.065185
0 0.497500 0.137037 0.028333 0.057778
0 0.569167 0.100000 0.030000 0.042963
0 0.593333 0.194815 0.033333 0.025185
