6 0.574219 0.900285 0.098437 0.199430
0 0.446875 0.746439 0.059375 0.125356
0 0.090625 0.874644 0.115625 0.188034
0 0.311719 0.632479 0.045312 0.068376
4 0.060937 0.766382 0.034375 0.056980
5 0.138281 0.628205 0.014063 0.059829
0 0.367969 0.621083 0.048438 0.051282
0 0.517969 0.680912 0.042188 0.085470
0 0.524219 0.782051 0.054688 0.105413
0 0.590625 0.719373 0.056250 0.094017
0 0.685156 0.891738 0.114062 0.188034
0 0.484375 0.612536 0.050000 0.062678
0 0.542969 0.612536 0.039062 0.051282
4 0.590625 0.645299 0.015625 0.054131
4 0.646094 0.695157 0.023438 0.079772
0 0.613281 0.589744 0.057813 0.051282
1 0.391406 0.582621 0.026562 0.042735
0 0.559375 0.564103 0.037500 0.034188
5 0.950000 0.954416 0.031250 0.091168
5 0.728125 0.743590 0.015625 0.079772
5 0.761719 0.729345 0.017188 0.091168
5 0.696094 0.699430 0.017188 0.076923
5 0.681250 0.686610 0.012500 0.068376
0 0.449219 0.571225 0.051562 0.048433
7 0.522656 0.528490 0.032813 0.082621
