0 0.105469 0.893192 0.195312 0.213615
0 0.257812 0.673709 0.125000 0.215962
0 0.399219 0.808685 0.148438 0.265258
0 0.590625 0.602113 0.084375 0.180751
0 0.344531 0.588028 0.085938 0.129108
0 0.448437 0.577465 0.087500 0.112676
0 0.422656 0.658451 0.095312 0.110329
0 0.532813 0.525822 0.068750 0.117371
0 0.575781 0.739437 0.107813 0.126761
1 0.724219 0.775822 0.098437 0.124413
1 0.827344 0.692488 0.079687 0.150235
1 0.922656 0.685446 0.095312 0.159624
1 0.870313 0.795775 0.115625 0.150235
1 0.900781 0.908451 0.123438 0.173709
4 0.797656 0.825117 0.029687 0.119718
4 0.807031 0.892019 0.039062 0.079812
0 0.363281 0.482394 0.076563 0.091549
0 0.446094 0.497653 0.060937 0.079812
0 0.482812 0.440141 0.050000 0.077465
0 0.398438 0.449531 0.040625 0.072770
0 0.568750 0.411972 0.050000 0.082160
4 0.578906 0.448357 0.020313 0.051643
0 0.610938 0.481221 0.053125 0.084507
7 0.728125 0.518779 0.109375 0.211268
0 0.707812 0.672535 0.096875 0.157277
0 0.504687 0.401408 0.040625 0.061033
0 0.415625 0.408451 0.043750 0.065728
0 0.439063 0.377934 0.034375 0.046948
5 0.442188 0.433099 0.012500 0.053991
0 0.495312 0.372066 0.037500 0.039906
7 0.578125 0.348592 0.056250 0.105634
7 0.663281 0.435446 0.082812 0.171362
7 0.649219 0.328638 0.054688 0.084507
1 0.808594 0.558685 0.039062 0.112676
1 0.862500 0.550469 0.050000 0.086854
1 0.868750 0.609155 0.071875 0.086854
0 0.951562 0.539906 0.084375 0.140845
2 0.453125 0.345070 0.046875 0.056338
0 0.520312 0.346244 0.031250 0.044601
0 0.475000 0.314554 0.034375 0.051643
3 0.046875 0.623239 0.090625 0.194836
1 0.260156 0.354460 0.035937 0.051643
1 0.216406 0.362676 0.035937 0.058685
0 0.402344 0.293427 0.032813 0.042254
0 0.141406 0.357981 0.073438 0.049296
5 0.078906 0.409624 0.023438 0.063380
5 0.044531 0.431925 0.020313 0.065728
5 0.022656 0.435446 0.017188 0.077465
0 0.532813 0.288732 0.025000 0.042254
0 0.825781 0.467136 0.101562 0.089202
0 0.492188 0.275822 0.031250 0.044601
7 0.606250 0.258216 0.037500 0.070423
